0
0.5
0.6667
0.75
1
1
1
1
1
1
1
1
1
1
0.75
0.8
1
1
1
1
1
0.8333
1
1
1
1
1
1
1
1
1
0.6667
0.5
0.4
0.3333
0.2857
0.375
0.4444
0.5
0.5455
0.5833
0.5385
0.5714
0.6
0.625
0.6471
0.6667
0.6842
1
1
1
1
0.8
0.8333
0.8571
0.75
0.6667
0.7
1
1
1
1
1
1
0.8571
0.875
0.7778
0.8
1
1
1
0.75
0.8
0.8333
0.8571
0.75
0.7778
0.8
0.7273
0
0
0.3333
0.5
0.4
0.5
0.5714
0.625
0.5556
0.5
0.5455
0.5833
0.5385
0.5714
0.6
0.625
0.6471
0.6667
0.6842
0
0.5
0.6667
0.75
0.8
0.8333
0.8571
0.75
0.6667
0.7
0.7273
0.6667
0.6923
0
0.5
0.6667
0.75
0.8
0.8333
0.8571
0.875
0.8889
0.9
0.9091
0.8333
0.8462
0.8571
1
0.5
0.6667
0.75
0.6
0.6667
0.7143
0.625
0.5556
0.6
0.6364
0.6667
0.6154
0.5714
0.6
0.625
0.6471
0.6667
0.6842
0
0.5
0.6667
0.75
0.6
0.6667
0.5714
0.625
0.5556
0.6
0.6364
0.6667
0.6923
0.7143
0.7333
0.6875
0
0.5
0.3333
0.5
0.4
0.5
0.4286
0.5
0.4444
0.5
0.4545
0.5
0.4615
0.4286
0.4
0.375
0.4118
0.4444
0.4737
0.5
0.5238
0.5455
0.5217
0.5417
0.52
0.5
0.4815
0.5
0.5172
0.5333
0.5484
0.5625
0.5758
0.5882
0.6
0.6111
0.6216
0.6316
0.641
0.65
0.6585
0.6667
0.6512
0.6591
0.6444
0.6522
0.6383
0.6458
0.6531
0.64
0.6275
0.64
0.66
0.66
0.68
1
1
1
1
0.8
0.8333
0.8571
0.75
0.6667
0.7
0.6364
0.6667
0.6923
0.7143
0.7333
0.6875
0.6471
0.6667
0.6842
0
0.5
0.6667
0.75
0.8
0.6667
0.7143
0.625
0.5556
0.6
0.6364
0.6667
0.6154
0.5714
0.6
0.625
0.5882
0.5556
0.5263
0.55
0.5238
0.5
0.5217
0.5417
0.56
0.5385
0.5556
0.5357
0.5517
0.5667
0.5806
0.5938
0.5758
0.5882
0.5714
0.5556
0.5676
0.5526
0.5641
0.575
0.5854
0.5952
0.5814
0.5909
0.6
0.6087
0.5957
0.6042
0.5918
0.6
0.5882
0.5962
0.6038
0.5926
0.5818
0.5714
0.5614
0.5536
0.5536
0.5357
0.5357
0.5536
0.5536
0.5714
0.5893
0.5714
0.5714
0.5536
0.5714
0.5893
0.5893
0.5714
0.5714
0.5893
0.5893
0.5714
0.5893
0.5893
0.5893
0.5893
0.5893
0.6071
0.6071
0.625
0.6071
0.6071
0.6071
0.6071
0.625
0.625
0.6429
0.6607
0.6429
0.6429
0.625
0.6071
0.5893
0.5893
0.6071
0.6071
0.6071
0.6071
0.625
0.625
0.6429
0.6429
0.6607
0.6607
0.6607
0.6786
1
1
1
0.75
0.8
0.8333
0.7143
0.625
0.6667
0.6
0.6364
0.5833
0.6154
0.5714
0.6
0.5625
0.5882
0.6111
0.6316
0.65
0.6667
0.6818
1
0.5
0.6667
0.75
0.8
0.8333
0.8571
0.875
0.7778
0.8
0.8182
0.8333
0.7692
0.7857
0.8
0.75
0.7059
0.6667
0.6316
0.65
0.619
0.6364
0.6522
0.6667
0.68
1
1
1
1
1
1
0.8571
0.875
0.7778
0.8
0.7273
0.75
0.7692
0.7143
0.7333
0.75
0.7059
0.7222
0.7368
0.75
0.7143
0.6818
1
0.5
0.6667
0.75
0.8
0.8333
0.8571
0.875
0.8889
0.9
0.8182
0.75
0.6923
0.7143
0.7333
0.6875
0.6471
0.6111
0.5789
0.6
0.5714
0.5455
0.5652
0.5833
0.6
0.5769
0.5926
0.6071
0.5862
0.6
0.6129
0.5938
0.5758
0.5882
0.6
0.6111
0.5946
0.6053
0.6154
0.6
0.5854
0.5952
0.6047
0.6136
0.6
0.587
0.5957
0.5833
0.5918
0.6
0.6078
0.6154
0.6038
0.6111
0.6182
0.625
0.6316
0.6207
0.6271
0.6167
0.6066
0.5968
0.5873
0.5938
0.5846
0.5909
0.597
0.6029
0.6087
0.6176
0.6176
0.6176
0.6176
0.6029
0.5882
0.5882
0.5882
0.5735
0.5882
0.6029
0.6176
0.6176
0.6029
0.6176
0.6324
0.6324
0.6471
0.6324
0.6471
0.6471
0.6324
0.6324
0.6324
0.6471
0.6471
0.6324
0.6471
0.6324
0.6324
0.6471
0.6618
0.6618
0.6618
0.6618
0.6618
0.6618
0.6471
0.6471
0.6618
0.6618
0.6618
0.6618
0.6618
0.6618
0.6618
0.6765
1
0.5
0.6667
0.75
0.8
0.8333
0.8571
0.875
0.8889
0.9
0.9091
0.9167
0.9231
0.8571
0.8
0.75
0.7059
0.7222
0.6842
0.7
0.6667
0.6364
0.6522
0.625
0.64
0.6538
0.6296
0.6429
0.6552
0.6667
0.6452
0.6562
0.6364
0.6471
0.6571
0.6667
0.6486
0.6579
0.6667
0.65
0.6585
0.6429
0.6279
0.6364
0.6222
0.6304
0.6383
0.625
0.6327
0.64
0.6471
0.6538
0.6604
0.6667
0.6727
1
1
1
0.75
0.8
0.8333
0.7143
0.625
0.5556
0.6
0.6364
0.6667
0.6923
0.7143
0.7333
0.6875
0.7059
0.7222
0.7368
0.75
0.7143
0.6818
0.6957
0.6667
0.68
1
0.5
0.6667
0.75
0.8
0.8333
0.8571
0.875
0.8889
0.9
0.9091
0.9167
0.8462
0.7857
0.8
0.8125
0.8235
0.7778
0.7895
0.8
0.8095
0.8182
0.8261
0.8333
0.8
0.7692
0
0
0
0.25
0.2
0.3333
0.4286
0.5
0.5556
0.6
0.5455
0.5833
0.5385
0.5714
0.6
0.625
0.6471
0.6111
0.6316
0.65
0.619
0.5909
0.6087
0.5833
0.6
0.5769
0.5556
0.5357
0.5517
0.5667
0.5806
0.5938
0.6061
0.6176
0.6286
0.6389
0.6486
0.6579
0.6667
0.675
0
0
0.3333
0.5
0.4
0.5
0.5714
0.625
0.6667
0.7
0.7273
0.75
0.6923
0.7143
0.6667
0.625
0.5882
0.6111
0.5789
0.6
0.5714
0.5909
0.6087
0.5833
0.56
0.5385
0.5185
0.5357
0.5517
0.5667
0.5806
0.5938
0.5758
0.5882
0.6
0.6111
0.6216
0.6316
0.641
0.65
0.6341
0.6429
0.6512
0.6364
0.6222
0.6304
0.6383
0.625
0.6122
0.6
0.5882
0.5769
0.566
0.5556
0.5455
0.5536
0.5439
0.5517
0.5593
0.55
0.5574
0.5645
0.5714
0.5781
0.5846
0.5909
0.597
0.5882
0.5942
0.5857
0.5915
0.5833
0.5753
0.5676
0.5733
0.5789
0.5714
0.5641
0.5696
0.5625
0.5556
0.5488
0.5422
0.5357
0.5542
0.5542
0.5542
0.5663
0.5663
0.5663
0.5663
0.5663
0.5663
0.5663
0.5542
0.5663
0.5542
0.5663
0.5783
0.5904
0.5904
0.6024
0.6024
0.6145
0.6024
0.6024
0.6145
0.6145
0.6145
0.6145
0.6024
0.5904
0.5904
0.5904
0.5904
0.6024
0.5904
0.5904
0.5904
0.5904
0.5783
0.5783
0.5783
0.5904
0.5904
0.5783
0.5783
0.5783
0.5783
0.5783
0.5904
0.6024
0.6024
0.6024
0.6145
0.6265
0.6386
0.6506
0.6506
0.6627
0.6627
0.6506
0.6627
0.6627
0.6506
0.6506
0.6506
0.6506
0.6386
0.6386
0.6506
0.6506
0.6627
0.6627
0.6747
1
0.5
0.3333
0.25
0.4
0.3333
0.4286
0.5
0.5556
0.6
0.6364
0.6667
0.6154
0.5714
0.6
0.625
0.6471
0.6111
0.6316
0.65
0.6667
0.6818
0.6957
0.6667
0.68
0.6923
0.6667
0.6786
0.6897
0
0
0
0.25
0.4
0.5
0.5714
0.625
0.6667
0.7
0.6364
0.6667
0.6923
0.7143
0.7333
0.75
0.7647
0.7222
0.7368
0.75
0.7619
0.7727
0.7826
0.7917
0.8
0.7692
0.7407
0.7143
0.7241
0.7333
1
1
1
1
1
1
0.8571
0.875
0.7778
0.8
0.8182
0.8333
0.7692
0.7857
0.8
0.75
0.7647
0.7778
0.7368
0.75
0.7143
0.7273
0.7391
0.7083
0.72
0.6923
0.7037
0.6786
0.6897
0.7
0.6774
1
1
0.6667
0.75
0.8
0.6667
0.7143
0.75
0.6667
0.7
0.7273
0.75
0.6923
0.7143
0.7333
0.6875
0.7059
0.7222
0.7368
0.75
0.7619
0.7273
0.7391
0.75
0.72
0.7308
0.7037
0.7143
0.7241
0.7333
0.7419
0.7188
1
1
1
1
1
1
1
1
1
1
1
1
1
1
1
1
1
1
0.9474
0.95
0.9048
0.8636
0.8261
0.7917
0.76
0.7692
0.7778
0.7857
0.7931
0.7667
0.7742
0.7812
0.7879
1
1
1
1
1
1
1
1
1
1
1
1
1
0.9286
0.9333
0.875
0.8824
0.8889
0.8421
0.85
0.8095
0.8182
0.8261
0.7917
0.8
0.8077
0.8148
0.8214
0.8276
0.8333
0.8387
0.8438
0.8182
0.7941
0
0.5
0.6667
0.75
0.8
0.8333
0.8571
0.875
0.8889
0.9
0.8182
0.8333
0.8462
0.7857
0.8
0.75
0.7059
0.7222
0.6842
0.7
0.7143
0.6818
0.6957
0.6667
0.64
0.6538
0.6667
0.6429
0.6552
0.6667
0.6774
0.6562
0.6364
0.6176
0.6
0.6111
0.6216
0.6316
0.6154
0.625
0.6341
0.6429
0.6279
0.6136
0.6222
0.6304
0.6383
0.6458
0.6327
0.64
0.6275
0.6346
0.6415
0.6296
0.6364
0.625
0.614
0.6207
0.6271
0.6167
0.6066
0.5968
0.6032
0.6094
0.6154
0.6212
0.6269
0.6176
0.6087
0.6143
0.6197
0.625
0.6301
0.6216
0.6267
0.6316
0.6364
0.641
0.6456
0.65
0.6543
0.6585
0.6627
0.6667
0.6706
1
0.5
0.6667
0.75
0.8
0.8333
0.8571
0.875
0.8889
0.9
0.8182
0.8333
0.8462
0.8571
0.8667
0.875
0.8235
0.7778
0.7895
0.8
0.8095
0.8182
0.7826
0.7917
0.76
0.7308
0.7407
0.75
0.7586
0.7667
0.7742
0.7812
0.7576
0.7353
0.7143
0.6944
1
1
1
1
1
1
1
0.875
0.8889
0.9
0.9091
0.9167
0.9231
0.8571
0.8667
0.875
0.8824
0.8333
0.7895
0.8
0.8095
0.7727
0.7826
0.7917
0.8
0.8077
0.8148
0.8214
0.8276
0.8333
0.8387
0.8438
0.8182
0.7941
0.8
0.8056
0.8108
1
1
1
1
1
0.8333
0.8571
0.875
0.8889
0.9
0.9091
0.9167
0.8462
0.8571
0.8667
0.875
0.8235
0.8333
0.7895
0.8
0.7619
0.7273
0.7391
0.7083
0.72
0.6923
0.7037
0.6786
0.6552
0.6667
0.6774
0.6562
0.6364
0.6471
0.6286
0.6389
0.6486
0.6316
0.641
0.625
0.6341
0.6429
0.6512
0.6591
0.6667
0.6739
1
0.5
0.6667
0.75
0.6
0.6667
0.7143
0.75
0.7778
0.8
0.8182
0.8333
0.8462
0.8571
0.8667
0.875
0.8824
0.8889
0.8947
0.9
0.8571
0.8182
0.7826
0.75
0.76
0.7692
0.7407
0.75
0.7586
0.7333
0.7419
0.7188
0.7273
0.7059
0.7143
0.6944
0.7027
0.6842
0.6923
1
1
1
1
1
1
1
1
0.8889
0.9
0.9091
0.9167
0.8462
0.8571
0.8
0.75
0.7059
0.7222
0.7368
0.75
0.7143
0.6818
0.6957
0.6667
0.68
0.6923
0.7037
0.6786
0.6897
0.7
0.7097
0.7188
0.697
0.7059
0.6857
0.6667
0.6757
0.6579
0.641
0.65
0.6585
0.6429
0.6512
0.6591
0.6667
0.6739
1
1
1
1
1
0.8333
0.8571
0.75
0.7778
0.8
0.7273
0.75
0.7692
0.7143
0.7333
0.75
0.7647
0.7778
0.7368
0.75
0.7143
0.6818
0.6957
0.6667
0.68
0.6923
0.7037
0.7143
0.7241
0.7333
0.7097
0.7188
0.697
0.7059
0.6857
0.6944
0.6757
0.6579
0.641
0.625
0.6098
0.619
0.6279
0.6364
0.6444
0.6522
0.6383
0.6458
0.6531
0.66
0.6667
0.6731
1
0.5
0.6667
0.75
0.8
0.8333
0.8571
0.875
0.8889
0.9
0.9091
0.9167
0.9231
0.9286
0.9333
0.9375
0.8824
0.8889
0.8421
0.85
0.8095
0.7727
0.7826
0.7917
0.76
0.7692
0.7778
0.7857
0.7931
0.8
0.8065
0.7812
0.7879
0.7941
0.7714
0.75
0.7568
0.7368
0.7179
0.7
0.6829
0.6905
1
0.5
0.6667
0.75
0.8
0.8333
0.8571
0.875
0.7778
0.8
0.8182
0.8333
0.8462
0.8571
0.8667
0.875
0.8235
0.8333
0.8421
0.85
0.8571
0.8636
0.8696
0.8333
0.84
0.8077
0.8148
0.8214
0.8276
0.8333
0.8387
0.8125
0.7879
0.7647
0.7714
0.7778
0.7568
0.7632
0.7436
0.725
0.7317
0.7143
0.6977
0
0
0.3333
0.5
0.6
0.6667
0.7143
0.625
0.5556
0.6
0.6364
0.6667
0.6154
0.6429
0.6667
0.6875
0.6471
0.6111
0.5789
0.6
0.619
0.5909
0.6087
0.5833
0.56
0.5385
0.5556
0.5714
0.5517
0.5667
0.5484
0.5312
0.5455
0.5294
0.5143
0.5278
0.5135
0.5
0.4872
0.5
0.4878
0.5
0.4884
0.4773
0.4889
0.5
0.5106
0.5208
0.5306
0.54
0.549
0.5577
0.566
0.5741
0.5818
0.5893
0.5965
0.5862
0.5932
0.5833
0.5902
0.5806
0.5714
0.5781
0.5692
0.5606
0.5672
0.5588
0.5652
0.5571
0.5493
0.5556
0.5616
0.5676
0.5733
0.5789
0.5714
0.5641
0.557
0.55
0.5432
0.5488
0.5542
0.5595
0.5647
0.5581
0.5517
0.5568
0.5618
0.5556
0.5604
0.5652
0.5591
0.5638
0.5684
0.5729
0.567
0.5714
0.5758
0.58
0.5842
0.5882
0.5825
0.5865
0.5905
0.5849
0.5888
0.5926
0.5963
0.6
0.6036
0.5982
0.6018
0.5965
0.6
0.6034
0.6068
0.6102
0.6134
0.6167
0.6116
0.6148
0.6179
0.621
0.624
0.627
0.6299
0.625
0.6279
0.6231
0.626
0.6212
0.6336
0.626
0.626
0.626
0.626
0.626
0.6336
0.6412
0.6412
0.6412
0.6412
0.6489
0.6489
0.6489
0.6412
0.6489
0.6565
0.6565
0.6565
0.6565
0.6641
0.6565
0.6641
0.6718
1
0.5
0.3333
0.5
0.6
0.6667
0.7143
0.625
0.6667
0.7
0.7273
0.75
0.7692
0.7143
0.7333
0.75
0.7647
0.7222
0.7368
0.75
0.7619
0.7727
0.7826
0.75
0.76
0.7308
0.7407
0.75
0.7586
0.7667
0.7742
0.75
0.7273
0.7059
0.6857
0.6667
0.6486
0.6579
0.6667
0.675
0.6829
0.6905
0.6744
0.6818
0.6889
1
0.5
0.6667
0.5
0.6
0.6667
0.7143
0.625
0.5556
0.6
0.5455
0.5833
0.5385
0.5714
0.6
0.625
0.6471
0.6111
0.6316
0.65
0.619
0.5909
0.6087
0.5833
0.6
0.6154
0.6296
0.6071
0.6207
0.6333
0.6452
0.625
0.6364
0.6176
0.6
0.6111
0.5946
0.6053
0.6154
0.6
0.5854
0.5952
0.6047
0.5909
0.5778
0.5652
0.5745
0.5833
0.5918
0.6
0.6078
0.6154
0.6226
0.6296
0.6182
0.625
0.6316
0.6379
0.6271
0.6333
0.623
0.629
0.619
0.6094
0.6154
0.6212
0.6269
0.6324
0.6377
0.6429
0.6479
0.6528
0.6438
0.6486
0.64
0.6447
0.6364
0.6282
0.6203
0.6125
0.6049
0.5976
0.6024
0.6071
0.6
0.6047
0.5977
0.5909
0.5843
0.5889
0.5824
0.5761
0.5806
0.5745
0.5789
0.5833
0.5876
0.5816
0.5859
0.59
0.5941
