1
0.6667
0.5
0.4
0.5714
0.5
0.4444
0.4
0.5
0.4615
0.4286
0.4
0.4706
0.4444
0.4211
0.4
0.4444
0.4444
0.3529
0.3529
0.4444
0.4444
0.3529
0.3529
0.4444
0.4444
0.3529
0.3529
0.4444
0.4444
0.4444
0.4444
0.5263
0.5263
0.5263
0.5556
0.6316
0.6316
0.6316
0.6667
0.7368
0.7368
0.7368
0.7778
0.7778
0.7778
0.7778
0.7778
0.7778
0.7368
0.7368
0.7778
0.7778
0.7368
0.7368
0.7778
0.7778
0.7368
0.6316
0.6667
0.6667
0.7368
0.6316
0.6667
0.6667
0.7
0.7
0.7368
0.7368
0.7619
0.7619
0.8
0.9
0.9091
0.9091
0.9
1
1
1
1
1
1
1
1
1
1
1
1
1
1
1
1
1
1
1
1
1
1
1
1
1
1
1
1
1
1
1
1
1
1
1
1
1
1
1
1
1
1
1
1
1
1
1
1
1
1
1
1
1
1
1
1
1
1
1
1
1
1
1
1
1
1
1
1
1
1
1
1
1
1
1
1
1
1
1
0.9286
0.9286
0.8571
0.7857
0.7143
0.7143
0.6429
0.5714
0.5
0.5
0.5
0.5
0.5
0.5
0.5714
0.5714
0.5714
0.6429
0.7143
0.7143
0.7143
0.7857
0.8571
0.8571
0.8571
0.8571
0.7857
0.7857
0.7857
0.7857
0.8571
0.8571
0.8571
0.8571
0.9286
0.9286
0.9286
0.9286
0.9286
0.9286
1
1
1
1
1
1
1
1
1
1
1
1
1
1
1
1
1
1
1
1
1
1
1
1
1
1
1
1
1
1
1
1
1
1
1
1
1
1
1
1
1
1
1
1
1
1
1
1
1
1
1
1
1
1
1
1
1
1
1
1
1
1
1
1
1
1
1
1
1
1
1
1
1
1
1
1
1
1
1
1
1
1
1
1
1
0.9286
0.9286
0.9286
0.8571
0.8571
0.8571
0.7857
0.7857
0.7857
0.7143
0.7143
0.7143
0.7143
0.7143
0.7143
0.7143
0.7143
0.7143
0.7143
0.7143
0.7857
0.7857
0.7857
0.8571
0.8571
0.8571
0.8571
0.8571
0.9286
0.9286
0.9286
1
1
1
1
1
1
1
1
1
1
1
1
1
1
1
1
1
1
1
1
1
0.9286
0.9286
0.8571
0.8571
0.7857
0.7857
0.7857
0.7857
0.7857
0.7857
0.7857
0.7857
0.7857
0.7857
0.8571
0.8571
0.8571
0.8571
0.8571
0.8571
0.8571
0.8571
0.7857
0.7857
0.7857
0.7857
0.7857
0.7857
0.7143
0.7143
0.7143
0.7143
0.7857
0.7857
0.7857
0.7857
0.8571
0.8571
0.8571
0.8571
0.8571
0.8571
0.9286
0.9286
1
1
1
