1
0.5
0.3333
0.25
0.4
0.3333
0.2857
0.25
0.3333
0.3
0.2727
0.25
0.3077
0.2857
0.2667
0.25
0.2857
0.2857
0.2143
0.2143
0.2857
0.2857
0.2143
0.2143
0.2857
0.2857
0.2143
0.2143
0.2857
0.2857
0.2857
0.2857
0.3571
0.3571
0.3571
0.3846
0.4615
0.4615
0.4615
0.5
0.5833
0.5833
0.5833
0.6364
0.6364
0.6364
0.6364
0.6364
0.6364
0.5833
0.5833
0.6364
0.6364
0.5833
0.5833
0.6364
0.6364
0.5833
0.5
0.5455
0.5455
0.6364
0.5455
0.6
0.6
0.6364
0.6364
0.7
0.7
0.7273
0.7273
0.8
0.9
0.9091
0.9091
0.9
1
1
1
1
1
1
1
1
1
1
1
1
1
1
1
1
1
1
1
1
1
1
1
1
1
1
1
1
1
1
1
1
1
1
1
1
1
1
1
1
1
1
1
1
1
1
1
1
1
1
1
1
1
1
1
1
1
1
1
1
1
1
1
1
1
1
1
1
1
1
1
1
1
1
1
1
1
1
1
0.9286
0.9286
0.8571
0.7857
0.7143
0.7143
0.6429
0.5714
0.5
0.5
0.5
0.5
0.5
0.5
0.5714
0.5714
0.5714
0.6429
0.7143
0.7143
0.7143
0.7857
0.8571
0.8571
0.8571
0.8571
0.7857
0.7857
0.7857
0.7857
0.8571
0.8571
0.8571
0.8571
0.9286
0.9286
0.9286
0.9286
0.9286
0.9286
1
1
1
1
1
1
1
1
1
1
1
1
1
1
1
1
1
1
1
1
1
1
1
1
1
1
1
1
1
1
1
1
1
1
1
1
1
1
1
1
1
1
1
1
1
1
1
1
1
1
1
1
1
1
1
1
1
1
1
1
1
1
1
1
1
1
1
1
1
1
1
1
1
1
1
1
1
1
1
1
1
1
1
1
1
0.9286
0.9286
0.9286
0.8571
0.8571
0.8571
0.7857
0.7857
0.7857
0.7143
0.7143
0.7143
0.7143
0.7143
0.7143
0.7143
0.7143
0.7143
0.7143
0.7143
0.7857
0.7857
0.7857
0.8571
0.8571
0.8571
0.8571
0.8571
0.9286
0.9286
0.9286
1
1
1
1
1
1
1
1
1
1
1
1
1
1
1
1
1
1
1
1
1
0.9286
0.9286
0.8571
0.8571
0.7857
0.7857
0.7857
0.7857
0.7857
0.7857
0.7857
0.7857
0.7857
0.7857
0.8571
0.8571
0.8571
0.8571
0.8571
0.8571
0.8571
0.8571
0.7857
0.7857
0.7857
0.7857
0.7857
0.7857
0.7143
0.7143
0.7143
0.7143
0.7857
0.7857
0.7857
0.7857
0.8571
0.8571
0.8571
0.8571
0.8571
0.8571
0.9286
0.9286
1
1
1
