EXP	Pre	Rec	F1
---------------------------------------------------------------------------------
1		0.95	0.95	0.95
---------------------------------------------------------------------------------
2		0.93	0.081	0.15
---------------------------------------------------------------------------------
3		0.88	0.88	0.88
---------------------------------------------------------------------------------
4		0.88	0.88	0.88
---------------------------------------------------------------------------------
5		0.92	0.92	0.92
---------------------------------------------------------------------------------
6		0.97	0.97	0.97
---------------------------------------------------------------------------------
7		0.97	0.97	0.97
---------------------------------------------------------------------------------
8		0.96	0.96	0.96
---------------------------------------------------------------------------------
9		0.93	0.93	0.93
---------------------------------------------------------------------------------
10		0.95	0.95	0.95
---------------------------------------------------------------------------------